Output


./multipleClientsScript.sh

client input:
--------------
000 | 260 | 701 |
680 | 070 | 090 |
190 | 004 | 500 |
--------------
820 | 100 | 040 |
004 | 602 | 900 |
050 | 003 | 028 |
--------------
009 | 300 | 074 |
040 | 050 | 036 |
703 | 018 | 000 |
--------------

client received:
--------------
435 | 269 | 781 |
682 | 571 | 493 |
197 | 834 | 562 |
--------------
826 | 195 | 347 |
374 | 682 | 915 |
951 | 743 | 628 |
--------------
519 | 326 | 874 |
248 | 957 | 136 |
763 | 418 | 259 |
--------------
